TABLE NO.     1: First Order Conditional Estimation with Interaction: Problem=1 Subproblem=0 Superproblem1=0 Iteration1=0 Superproblem2=0 Iteration2=0
 NAME         THETA1       THETA2       THETA3       THETA4       THETA5       THETA6       THETA7       SIGMA(1,1)   OMEGA(1,1)   OMEGA(2,1)   OMEGA(2,2)   OMEGA(3,1)   OMEGA(3,2)   OMEGA(3,3)
 THETA1        3.68627E-02  1.00567E-01  1.79222E-03  4.86404E-02  3.32527E-01  2.36181E-01  1.79722E-01 -1.75699E-02  5.88627E-02 -3.77770E-02  1.21508E-01  0.00000E+00  0.00000E+00 -1.95827E-01
 THETA2        1.00567E-01  4.34690E-01  9.29071E-01 -2.18299E-01 -4.85238E-01  3.84870E-01  1.74400E-01  4.61336E-02 -4.12630E-02 -1.74202E-01 -1.48001E-01  0.00000E+00  0.00000E+00  1.19035E-01
 THETA3        1.79222E-03  9.29071E-01  3.32278E-02 -1.01064E-01 -4.96994E-01  3.82335E-01  3.54741E-02 -2.10623E-02 -3.09051E-02 -2.22533E-01 -1.20404E-01  0.00000E+00  0.00000E+00  1.28262E-01
 THETA4        4.86404E-02 -2.18299E-01 -1.01064E-01  2.61034E-02  8.61300E-03  9.68886E-02  1.26288E-01  3.10406E-02 -8.11286E-02 -1.88101E-01 -5.06614E-02  0.00000E+00  0.00000E+00 -3.87970E-01
 THETA5        3.32527E-01 -4.85238E-01 -4.96994E-01  8.61300E-03  4.14761E-01 -6.02282E-02 -2.26369E-02 -7.73150E-02 -9.69984E-02  6.31972E-02  2.76022E-01  0.00000E+00  0.00000E+00 -1.64941E-01
 THETA6        2.36181E-01  3.84870E-01  3.82335E-01  9.68886E-02 -6.02282E-02  1.25352E-01  2.24751E-01 -1.54634E-01 -2.37072E-01 -3.88785E-01 -4.64289E-02  0.00000E+00  0.00000E+00 -2.02095E-02
 THETA7        1.79722E-01  1.74400E-01  3.54741E-02  1.26288E-01 -2.26369E-02  2.24751E-01  7.98556E-02  3.71157E-02 -3.67049E-01 -9.99455E-02 -8.97706E-02  0.00000E+00  0.00000E+00  8.03193E-02
 SIGMA(1,1)   -1.75699E-02  4.61336E-02 -2.10623E-02  3.10406E-02 -7.73150E-02 -1.54634E-01  3.71157E-02  4.82885E-03 -7.34260E-02  3.16820E-01  1.90674E-02  0.00000E+00  0.00000E+00 -1.83911E-01
 OMEGA(1,1)    5.88627E-02 -4.12630E-02 -3.09051E-02 -8.11286E-02 -9.69984E-02 -2.37072E-01 -3.67049E-01 -7.34260E-02  3.67892E-02  5.72797E-02 -8.03047E-03  0.00000E+00  0.00000E+00 -4.99788E-02
 OMEGA(2,1)   -3.77770E-02 -1.74202E-01 -2.22533E-01 -1.88101E-01  6.31972E-02 -3.88785E-01 -9.99455E-02  3.16820E-01  5.72797E-02  2.07551E-02  3.24940E-01  0.00000E+00  0.00000E+00  4.22305E-02
 OMEGA(2,2)    1.21508E-01 -1.48001E-01 -1.20404E-01 -5.06614E-02  2.76022E-01 -4.64289E-02 -8.97706E-02  1.90674E-02 -8.03047E-03  3.24940E-01  2.53986E-02  0.00000E+00  0.00000E+00 -3.22524E-01
 OMEGA(3,1)    0.00000E+00  0.00000E+00  0.00000E+00  0.00000E+00  0.00000E+00  0.00000E+00  0.00000E+00  0.00000E+00  0.00000E+00  0.00000E+00  0.00000E+00  0.00000E+00  0.00000E+00  0.00000E+00
 OMEGA(3,2)    0.00000E+00  0.00000E+00  0.00000E+00  0.00000E+00  0.00000E+00  0.00000E+00  0.00000E+00  0.00000E+00  0.00000E+00  0.00000E+00  0.00000E+00  0.00000E+00  0.00000E+00  0.00000E+00
 OMEGA(3,3)   -1.95827E-01  1.19035E-01  1.28262E-01 -3.87970E-01 -1.64941E-01 -2.02095E-02  8.03193E-02 -1.83911E-01 -4.99788E-02  4.22305E-02 -3.22524E-01  0.00000E+00  0.00000E+00  2.34235E-02
