TABLE NO.     1: First Order Conditional Estimation with Interaction: Problem=1 Subproblem=0 Superproblem1=0 Iteration1=0 Superproblem2=0 Iteration2=0
 NAME         THETA1       THETA2       THETA3       THETA4       THETA5       THETA6       THETA7       SIGMA(1,1)   OMEGA(1,1)   OMEGA(2,1)   OMEGA(2,2)   OMEGA(3,1)   OMEGA(3,2)   OMEGA(3,3)
 THETA1        1.35886E-03  1.61147E-03  2.19523E-06  4.68039E-05  5.08408E-03  1.09135E-03  5.29046E-04 -3.12752E-06  7.98266E-05 -2.89028E-05  1.13763E-04  0.00000E+00  0.00000E+00 -1.69087E-04
 THETA2        1.61147E-03  1.88955E-01  1.34193E-02 -2.47701E-03 -8.74848E-02  2.09712E-02  6.05385E-03  9.68369E-05 -6.59873E-04 -1.57166E-03 -1.63401E-03  0.00000E+00  0.00000E+00  1.21201E-03
 THETA3        2.19523E-06  1.34193E-02  1.10409E-03 -8.76586E-05 -6.84939E-03  1.59249E-03  9.41282E-05 -3.37949E-06 -3.77791E-05 -1.53469E-04 -1.01614E-04  0.00000E+00  0.00000E+00  9.98275E-05
 THETA4        4.68039E-05 -2.47701E-03 -8.76586E-05  6.81387E-04  9.32502E-05  3.17030E-04  2.63248E-04  3.91265E-06 -7.79097E-05 -1.01909E-04 -3.35880E-05  0.00000E+00  0.00000E+00 -2.37217E-04
 THETA5        5.08408E-03 -8.74848E-02 -6.84939E-03  9.32502E-05  1.72027E-01 -3.13133E-03 -7.49757E-04 -1.54848E-04 -1.48007E-03  5.44028E-04  2.90771E-03  0.00000E+00  0.00000E+00 -1.60242E-03
 THETA6        1.09135E-03  2.09712E-02  1.59249E-03  3.17030E-04 -3.13133E-03  1.57130E-02  2.24976E-03 -9.36008E-05 -1.09328E-03 -1.01150E-03 -1.47818E-04  0.00000E+00  0.00000E+00 -5.93386E-05
 THETA7        5.29046E-04  6.05385E-03  9.41282E-05  2.63248E-04 -7.49757E-04  2.24976E-03  6.37692E-03  1.43122E-05 -1.07832E-03 -1.65651E-04 -1.82075E-04  0.00000E+00  0.00000E+00  1.50237E-04
 SIGMA(1,1)   -3.12752E-06  9.68369E-05 -3.37949E-06  3.91265E-06 -1.54848E-04 -9.36008E-05  1.43122E-05  2.33178E-05 -1.30441E-05  3.17528E-05  2.33855E-06  0.00000E+00  0.00000E+00 -2.08019E-05
 OMEGA(1,1)    7.98266E-05 -6.59873E-04 -3.77791E-05 -7.79097E-05 -1.48007E-03 -1.09328E-03 -1.07832E-03 -1.30441E-05  1.35344E-03  4.37367E-05 -7.50362E-06  0.00000E+00  0.00000E+00 -4.30682E-05
 OMEGA(2,1)   -2.89028E-05 -1.57166E-03 -1.53469E-04 -1.01909E-04  5.44028E-04 -1.01150E-03 -1.65651E-04  3.17528E-05  4.37367E-05  4.30774E-04  1.71292E-04  0.00000E+00  0.00000E+00  2.05306E-05
 OMEGA(2,2)    1.13763E-04 -1.63401E-03 -1.01614E-04 -3.35880E-05  2.90771E-03 -1.47818E-04 -1.82075E-04  2.33855E-06 -7.50362E-06  1.71292E-04  6.45089E-04  0.00000E+00  0.00000E+00 -1.91877E-04
 OMEGA(3,1)    0.00000E+00  0.00000E+00  0.00000E+00  0.00000E+00  0.00000E+00  0.00000E+00  0.00000E+00  0.00000E+00  0.00000E+00  0.00000E+00  0.00000E+00  0.00000E+00  0.00000E+00  0.00000E+00
 OMEGA(3,2)    0.00000E+00  0.00000E+00  0.00000E+00  0.00000E+00  0.00000E+00  0.00000E+00  0.00000E+00  0.00000E+00  0.00000E+00  0.00000E+00  0.00000E+00  0.00000E+00  0.00000E+00  0.00000E+00
 OMEGA(3,3)   -1.69087E-04  1.21201E-03  9.98275E-05 -2.37217E-04 -1.60242E-03 -5.93386E-05  1.50237E-04 -2.08019E-05 -4.30682E-05  2.05306E-05 -1.91877E-04  0.00000E+00  0.00000E+00  5.48658E-04
