TABLE NO.     1: First Order Conditional Estimation with Interaction: Problem=1 Subproblem=0 Superproblem1=0 Iteration1=0 Superproblem2=0 Iteration2=0
 NAME         THETA1       THETA2       THETA3       THETA4       THETA5       THETA6       THETA7       SIGMA(1,1)   OMEGA(1,1)   OMEGA(2,1)   OMEGA(2,2)   OMEGA(3,1)   OMEGA(3,2)   OMEGA(3,3)
 THETA1        9.62339E-02  1.37606E-02  1.44108E-01 -1.14495E-01  9.80893E-01  1.41326E-01  1.74186E-01 -6.97451E-02  1.66418E-01  8.35338E-02  1.44770E-01  0.00000E+00  0.00000E+00  8.12902E-02
 THETA2        1.37606E-02  1.86358E-01  6.03929E-01 -4.07277E-01 -2.27063E-02  1.14548E-02  3.74105E-01  1.14258E-01 -2.27712E-01  3.90253E-01 -1.09892E-01  0.00000E+00  0.00000E+00 -1.31514E-01
 THETA3        1.44108E-01  6.03929E-01  6.26880E-03 -2.60164E-01  1.56637E-01  8.62088E-04  2.78594E-01 -5.95657E-02 -3.03183E-01  2.82861E-03 -2.54034E-01  0.00000E+00  0.00000E+00  1.56874E-01
 THETA4       -1.14495E-01 -4.07277E-01 -2.60164E-01  2.36957E-02 -8.79455E-02 -2.26457E-02 -2.74098E-01  2.03570E-01  2.17954E-01 -1.37957E-01 -6.75082E-02  0.00000E+00  0.00000E+00 -4.04858E-01
 THETA5        9.80893E-01 -2.27063E-02  1.56637E-01 -8.79455E-02  3.85280E-01  2.35029E-02  1.90878E-01 -4.68810E-02  1.54866E-01  6.87856E-02  9.59418E-02  0.00000E+00  0.00000E+00  8.63744E-02
 THETA6        1.41326E-01  1.14548E-02  8.62088E-04 -2.26457E-02  2.35029E-02  2.63916E-01  9.46101E-02  3.12350E-02 -7.46347E-02 -1.74663E-01  1.28005E-02  0.00000E+00  0.00000E+00  2.73023E-02
 THETA7        1.74186E-01  3.74105E-01  2.78594E-01 -2.74098E-01  1.90878E-01  9.46101E-02  1.73909E-01  1.76921E-01 -1.67496E-01  2.18507E-01 -1.38702E-01  0.00000E+00  0.00000E+00  2.28996E-01
 SIGMA(1,1)   -6.97451E-02  1.14258E-01 -5.95657E-02  2.03570E-01 -4.68810E-02  3.12350E-02  1.76921E-01  4.68096E-03  2.04326E-01  1.04596E-01 -1.53359E-01  0.00000E+00  0.00000E+00 -3.93637E-01
 OMEGA(1,1)    1.66418E-01 -2.27712E-01 -3.03183E-01  2.17954E-01  1.54866E-01 -7.46347E-02 -1.67496E-01  2.04326E-01  3.47301E-02 -7.40678E-02 -3.20219E-03  0.00000E+00  0.00000E+00 -3.03343E-01
 OMEGA(2,1)    8.35338E-02  3.90253E-01  2.82861E-03 -1.37957E-01  6.87856E-02 -1.74663E-01  2.18507E-01  1.04596E-01 -7.40678E-02  1.87563E-02  3.01740E-01  0.00000E+00  0.00000E+00  1.74823E-02
 OMEGA(2,2)    1.44770E-01 -1.09892E-01 -2.54034E-01 -6.75082E-02  9.59418E-02  1.28005E-02 -1.38702E-01 -1.53359E-01 -3.20219E-03  3.01740E-01  2.87104E-02  0.00000E+00  0.00000E+00  2.24866E-02
 OMEGA(3,1)    0.00000E+00  0.00000E+00  0.00000E+00  0.00000E+00  0.00000E+00  0.00000E+00  0.00000E+00  0.00000E+00  0.00000E+00  0.00000E+00  0.00000E+00  0.00000E+00  0.00000E+00  0.00000E+00
 OMEGA(3,2)    0.00000E+00  0.00000E+00  0.00000E+00  0.00000E+00  0.00000E+00  0.00000E+00  0.00000E+00  0.00000E+00  0.00000E+00  0.00000E+00  0.00000E+00  0.00000E+00  0.00000E+00  0.00000E+00
 OMEGA(3,3)    8.12902E-02 -1.31514E-01  1.56874E-01 -4.04858E-01  8.63744E-02  2.73023E-02  2.28996E-01 -3.93637E-01 -3.03343E-01  1.74823E-02  2.24866E-02  0.00000E+00  0.00000E+00  2.37489E-02
