TABLE NO.     1: First Order Conditional Estimation with Interaction: Problem=1 Subproblem=0 Superproblem1=0 Iteration1=0 Superproblem2=0 Iteration2=0
 NAME         THETA1       THETA2       THETA3       THETA4       THETA5       THETA6       THETA7       SIGMA(1,1)   OMEGA(1,1)   OMEGA(2,1)   OMEGA(2,2)   OMEGA(3,1)   OMEGA(3,2)   OMEGA(3,3)
 THETA1        9.61352E-02  1.44862E-02  1.44047E-01 -1.07422E-01  9.80887E-01  1.42799E-01  1.77448E-01 -5.22123E-02  1.66925E-01  8.38240E-02  1.45629E-01  0.00000E+00  0.00000E+00  8.72623E-02
 THETA2        1.44862E-02  1.87409E-01  6.06589E-01 -4.18700E-01 -2.27057E-02  1.35369E-02  3.72401E-01  1.04097E-01 -2.26293E-01  3.90818E-01 -1.12513E-01  0.00000E+00  0.00000E+00 -1.36513E-01
 THETA3        1.44047E-01  6.06589E-01  6.29066E-03 -2.62235E-01  1.56254E-01  2.25098E-03  2.83601E-01 -7.41024E-02 -3.04801E-01  9.06802E-03 -2.50637E-01  0.00000E+00  0.00000E+00  1.55778E-01
 THETA4       -1.07422E-01 -4.18700E-01 -2.62235E-01  2.37074E-02 -7.81956E-02 -3.40111E-02 -2.83853E-01  1.87860E-01  2.28696E-01 -1.38492E-01 -7.72098E-02  0.00000E+00  0.00000E+00 -3.66376E-01
 THETA5        9.80887E-01 -2.27057E-02  1.56254E-01 -7.81956E-02  3.84412E-01  2.51198E-02  1.94411E-01 -2.51597E-02  1.54818E-01  6.75021E-02  9.65726E-02  0.00000E+00  0.00000E+00  9.15621E-02
 THETA6        1.42799E-01  1.35369E-02  2.25098E-03 -3.40111E-02  2.51198E-02  2.63712E-01  9.48254E-02  1.22356E-02 -7.27460E-02 -1.67903E-01  1.05847E-02  0.00000E+00  0.00000E+00  3.49100E-02
 THETA7        1.77448E-01  3.72401E-01  2.83601E-01 -2.83853E-01  1.94411E-01  9.48254E-02  1.73343E-01  1.67640E-01 -1.66593E-01  2.16086E-01 -1.45497E-01  0.00000E+00  0.00000E+00  2.41398E-01
 SIGMA(1,1)   -5.22123E-02  1.04097E-01 -7.41024E-02  1.87860E-01 -2.51597E-02  1.22356E-02  1.67640E-01  4.73236E-03  2.24728E-01  1.06714E-01 -1.52599E-01  0.00000E+00  0.00000E+00 -3.82079E-01
 OMEGA(1,1)    1.66925E-01 -2.26293E-01 -3.04801E-01  2.28696E-01  1.54818E-01 -7.27460E-02 -1.66593E-01  2.24728E-01  3.47196E-02 -7.17200E-02 -8.29726E-03  0.00000E+00  0.00000E+00 -2.99320E-01
 OMEGA(2,1)    8.38240E-02  3.90818E-01  9.06802E-03 -1.38492E-01  6.75021E-02 -1.67903E-01  2.16086E-01  1.06714E-01 -7.17200E-02  1.87682E-02  3.01853E-01  0.00000E+00  0.00000E+00  2.79169E-02
 OMEGA(2,2)    1.45629E-01 -1.12513E-01 -2.50637E-01 -7.72098E-02  9.65726E-02  1.05847E-02 -1.45497E-01 -1.52599E-01 -8.29726E-03  3.01853E-01  2.84316E-02  0.00000E+00  0.00000E+00  4.39618E-02
 OMEGA(3,1)    0.00000E+00  0.00000E+00  0.00000E+00  0.00000E+00  0.00000E+00  0.00000E+00  0.00000E+00  0.00000E+00  0.00000E+00  0.00000E+00  0.00000E+00  0.00000E+00  0.00000E+00  0.00000E+00
 OMEGA(3,2)    0.00000E+00  0.00000E+00  0.00000E+00  0.00000E+00  0.00000E+00  0.00000E+00  0.00000E+00  0.00000E+00  0.00000E+00  0.00000E+00  0.00000E+00  0.00000E+00  0.00000E+00  0.00000E+00
 OMEGA(3,3)    8.72623E-02 -1.36513E-01  1.55778E-01 -3.66376E-01  9.15621E-02  3.49100E-02  2.41398E-01 -3.82079E-01 -2.99320E-01  2.79169E-02  4.39618E-02  0.00000E+00  0.00000E+00  2.33301E-02
