TABLE NO.     1: First Order Conditional Estimation with Interaction: Problem=1 Subproblem=0 Superproblem1=0 Iteration1=0 Superproblem2=0 Iteration2=0
 NAME         THETA1       THETA2       THETA3       THETA4       THETA5       THETA6       THETA7       SIGMA(1,1)   OMEGA(1,1)   OMEGA(2,1)   OMEGA(2,2)   OMEGA(3,1)   OMEGA(3,2)   OMEGA(3,3)
 THETA1        6.72812E+03 -2.78961E+02  3.25680E+03  9.79578E+01 -1.64378E+03 -3.06739E+02  1.29531E+02  4.03527E+03 -7.29444E+02 -2.83197E+02 -8.55024E+02  0.00000E+00  0.00000E+00 -4.03542E+02
 THETA2       -2.78961E+02  1.16492E+02 -1.78287E+03  2.80889E+02  7.56337E+01  7.99957E+00 -2.31715E+01 -8.55004E+01  4.70134E+01 -3.57463E+02  7.94897E+01  0.00000E+00  0.00000E+00  3.46842E+02
 THETA3        3.25680E+03 -1.78287E+03  6.19190E+04 -2.78878E+03 -1.01939E+03 -4.50138E+01  1.76475E+02  2.63432E+03  1.14983E+03  5.71260E+03  9.27407E+02  0.00000E+00  0.00000E+00 -4.84667E+03
 THETA4        9.79578E+01  2.80889E+02 -2.78878E+03  3.15489E+03 -5.77761E+00 -1.43455E+01  8.16814E+00 -9.25310E+02  8.49736E+00 -7.65059E+02  2.88210E+02  0.00000E+00  0.00000E+00  1.58096E+03
 THETA5       -1.64378E+03  7.56337E+01 -1.01939E+03 -5.77761E+00  4.09994E+02  7.42926E+01 -3.64190E+01 -9.25446E+02  1.54003E+02  4.10653E+01  1.94766E+02  0.00000E+00  0.00000E+00  1.14065E+02
 THETA6       -3.06739E+02  7.99957E+00 -4.50138E+01 -1.43455E+01  7.42926E+01  2.96292E+01 -8.38678E+00 -2.47274E+02  4.43389E+01  8.49929E+01  2.22121E+01  0.00000E+00  0.00000E+00  5.04138E+00
 THETA7        1.29531E+02 -2.31715E+01  1.76475E+02  8.16814E+00 -3.64190E+01 -8.38678E+00  5.27626E+01 -4.18006E+02  4.35574E+00 -3.62455E+01  2.23077E+01  0.00000E+00  0.00000E+00 -1.36094E+02
 SIGMA(1,1)    4.03527E+03 -8.55004E+01  2.63432E+03 -9.25310E+02 -9.25446E+02 -2.47274E+02 -4.18006E+02  6.61769E+04 -1.54481E+03 -2.52061E+03  1.00432E+03  0.00000E+00  0.00000E+00  4.62913E+03
 OMEGA(1,1)   -7.29444E+02  4.70134E+01  1.14983E+03  8.49736E+00  1.54003E+02  4.43389E+01  4.35574E+00 -1.54481E+03  1.18067E+03  1.20379E+02  1.86594E+02  0.00000E+00  0.00000E+00  4.05219E+02
 OMEGA(2,1)   -2.83197E+02 -3.57463E+02  5.71260E+03 -7.65059E+02  4.10653E+01  8.49929E+01 -3.62455E+01 -2.52061E+03  1.20379E+02  4.98526E+03 -9.62791E+02  0.00000E+00  0.00000E+00 -1.02858E+03
 OMEGA(2,2)   -8.55024E+02  7.94897E+01  9.27407E+02  2.88210E+02  1.94766E+02  2.22121E+01  2.23077E+01  1.00432E+03  1.86594E+02 -9.62791E+02  1.72858E+03  0.00000E+00  0.00000E+00  2.51631E+02
 OMEGA(3,1)    0.00000E+00  0.00000E+00  0.00000E+00  0.00000E+00  0.00000E+00  0.00000E+00  0.00000E+00  0.00000E+00  0.00000E+00  0.00000E+00  0.00000E+00  0.00000E+00  0.00000E+00  0.00000E+00
 OMEGA(3,2)    0.00000E+00  0.00000E+00  0.00000E+00  0.00000E+00  0.00000E+00  0.00000E+00  0.00000E+00  0.00000E+00  0.00000E+00  0.00000E+00  0.00000E+00  0.00000E+00  0.00000E+00  0.00000E+00
 OMEGA(3,3)   -4.03542E+02  3.46842E+02 -4.84667E+03  1.58096E+03  1.14065E+02  5.04138E+00 -1.36094E+02  4.62913E+03  4.05219E+02 -1.02858E+03  2.51631E+02  0.00000E+00  0.00000E+00  3.71633E+03
