TABLE NO.     1: First Order Conditional Estimation with Interaction: Problem=1 Subproblem=0 Superproblem1=0 Iteration1=0 Superproblem2=0 Iteration2=0
 NAME         THETA1       THETA2       THETA3       THETA4       THETA5       THETA6       THETA7       SIGMA(1,1)   OMEGA(1,1)   OMEGA(2,1)   OMEGA(2,2)   OMEGA(3,1)   OMEGA(3,2)   OMEGA(3,3)
 THETA1        1.09982E+03 -7.40783E+01  6.65001E+02 -1.94705E+02 -4.41273E+01 -6.29014E+01 -5.16214E+01  2.21790E+02 -2.23872E+02 -9.90803E+01 -4.85265E+01  0.00000E+00  0.00000E+00  1.53435E+02
 THETA2       -7.40783E+01  7.06151E+01 -8.04795E+02  2.19294E+02  4.97644E+00 -6.86208E+00 -5.83687E+01 -2.74871E+02 -1.49452E+01 -4.27919E+01  8.11836E+01  0.00000E+00  0.00000E+00  1.10597E+02
 THETA3        6.65001E+02 -8.04795E+02  1.07206E+04 -2.25858E+03  8.25913E+00 -4.42160E+01  7.17535E+02  2.64609E+03  2.30371E+02  8.32203E+02 -1.07711E+03  0.00000E+00  0.00000E+00 -1.41092E+03
 THETA4       -1.94705E+02  2.19294E+02 -2.25858E+03  2.60448E+03  2.65562E+01 -4.41525E+01 -2.52924E+02 -6.21583E+02  3.05373E+01  1.39558E+02  5.17457E+02  0.00000E+00  0.00000E+00  1.28920E+03
 THETA5       -4.41273E+01  4.97644E+00  8.25913E+00  2.65562E+01  1.06285E+01 -7.77775E-01  1.85814E+00  3.78701E+01  1.93011E+01  1.48684E+01 -2.55907E+01  0.00000E+00  0.00000E+00  9.28039E+00
 THETA6       -6.29014E+01 -6.86208E+00 -4.42160E+01 -4.41525E+01 -7.77775E-01  9.99081E+01 -6.69957E+00  2.19295E+02  6.70974E+01  1.71009E+02 -3.99445E+01  0.00000E+00  0.00000E+00 -1.16903E+01
 THETA7       -5.16214E+01 -5.83687E+01  7.17535E+02 -2.52924E+02  1.85814E+00 -6.69957E+00  2.52414E+02  4.35563E+01  1.69427E+02  6.82458E+01 -5.25414E+01  0.00000E+00  0.00000E+00 -1.97271E+02
 SIGMA(1,1)    2.21790E+02 -2.74871E+02  2.64609E+03 -6.21583E+02  3.78701E+01  2.19295E+02  4.35563E+01  5.47413E+04  9.16965E+02 -4.53189E+03  1.40617E+03  0.00000E+00  0.00000E+00  2.85654E+03
 OMEGA(1,1)   -2.23872E+02 -1.49452E+01  2.30371E+02  3.05373E+01  1.93011E+01  6.70974E+01  1.69427E+02  9.16965E+02  9.73632E+02  3.31734E+01  3.73661E+01  0.00000E+00  0.00000E+00  7.55627E+01
 OMEGA(2,1)   -9.90803E+01 -4.27919E+01  8.32203E+02  1.39558E+02  1.48684E+01  1.71009E+02  6.82458E+01 -4.53189E+03  3.31734E+01  3.71191E+03 -1.13485E+03  0.00000E+00  0.00000E+00 -6.88850E+02
 OMEGA(2,2)   -4.85265E+01  8.11836E+01 -1.07711E+03  5.17457E+02 -2.55907E+01 -3.99445E+01 -5.25414E+01  1.40617E+03  3.73661E+01 -1.13485E+03  2.32914E+03  0.00000E+00  0.00000E+00  1.07400E+03
 OMEGA(3,1)    0.00000E+00  0.00000E+00  0.00000E+00  0.00000E+00  0.00000E+00  0.00000E+00  0.00000E+00  0.00000E+00  0.00000E+00  0.00000E+00  0.00000E+00  0.00000E+00  0.00000E+00  0.00000E+00
 OMEGA(3,2)    0.00000E+00  0.00000E+00  0.00000E+00  0.00000E+00  0.00000E+00  0.00000E+00  0.00000E+00  0.00000E+00  0.00000E+00  0.00000E+00  0.00000E+00  0.00000E+00  0.00000E+00  0.00000E+00
 OMEGA(3,3)    1.53435E+02  1.10597E+02 -1.41092E+03  1.28920E+03  9.28039E+00 -1.16903E+01 -1.97271E+02  2.85654E+03  7.55627E+01 -6.88850E+02  1.07400E+03  0.00000E+00  0.00000E+00  3.03518E+03
