TABLE NO.     1: First Order Conditional Estimation with Interaction: Problem=1 Subproblem=0 Superproblem1=0 Iteration1=0 Superproblem2=0 Iteration2=0
 NAME         THETA1       THETA2       THETA3       THETA4       THETA5       THETA6       THETA7       SIGMA(1,1)   OMEGA(1,1)   OMEGA(2,1)   OMEGA(2,2)   OMEGA(3,1)   OMEGA(3,2)   OMEGA(3,3)
 THETA1        6.85810E+03 -2.82306E+02  3.38183E+03  1.51450E+02 -1.67793E+03 -3.10664E+02  1.30806E+02  4.49244E+03 -7.70980E+02 -3.13269E+02 -8.69108E+02  0.00000E+00  0.00000E+00 -3.83483E+02
 THETA2       -2.82306E+02  1.15674E+02 -1.78335E+03  2.68621E+02  7.63048E+01  8.18397E+00 -2.28381E+01 -1.24659E+02  4.49885E+01 -3.56835E+02  7.86282E+01  0.00000E+00  0.00000E+00  3.40067E+02
 THETA3        3.38183E+03 -1.78335E+03  6.19496E+04 -2.68068E+03 -1.04806E+03 -5.19363E+01  1.72592E+02  3.90830E+03  1.13893E+03  5.60242E+03  9.70981E+02  0.00000E+00  0.00000E+00 -4.84725E+03
 THETA4        1.51450E+02  2.68621E+02 -2.68068E+03  3.04676E+03 -2.08409E+01 -1.54617E+01  1.61247E+01 -8.81667E+02 -4.27040E+01 -7.78522E+02  2.96615E+02  0.00000E+00  0.00000E+00  1.40988E+03
 THETA5       -1.67793E+03  7.63048E+01 -1.04806E+03 -2.08409E+01  4.18919E+02  7.54120E+01 -3.67293E+01 -1.05779E+03  1.64363E+02  5.05966E+01  1.97248E+02  0.00000E+00  0.00000E+00  1.06921E+02
 THETA6       -3.10664E+02  8.18397E+00 -5.19363E+01 -1.54617E+01  7.54120E+01  2.96317E+01 -8.46820E+00 -2.46836E+02  4.50700E+01  8.30472E+01  2.37533E+01  0.00000E+00  0.00000E+00  4.63916E+00
 THETA7        1.30806E+02 -2.28381E+01  1.72592E+02  1.61247E+01 -3.67293E+01 -8.46820E+00  5.35341E+01 -3.91473E+02  4.06988E+00 -3.77520E+01  2.82013E+01  0.00000E+00  0.00000E+00 -1.39780E+02
 SIGMA(1,1)    4.49244E+03 -1.24659E+02  3.90830E+03 -8.81667E+02 -1.05779E+03 -2.46836E+02 -3.91473E+02  6.44827E+04 -1.70383E+03 -2.45636E+03  8.64897E+02  0.00000E+00  0.00000E+00  4.39835E+03
 OMEGA(1,1)   -7.70980E+02  4.49885E+01  1.13893E+03 -4.27040E+01  1.64363E+02  4.50700E+01  4.06988E+00 -1.70383E+03  1.19056E+03  1.19674E+02  1.89394E+02  0.00000E+00  0.00000E+00  3.75212E+02
 OMEGA(2,1)   -3.13269E+02 -3.56835E+02  5.60242E+03 -7.78522E+02  5.05966E+01  8.30472E+01 -3.77520E+01 -2.45636E+03  1.19674E+02  4.97705E+03 -9.72847E+02  0.00000E+00  0.00000E+00 -1.04194E+03
 OMEGA(2,2)   -8.69108E+02  7.86282E+01  9.70981E+02  2.96615E+02  1.97248E+02  2.37533E+01  2.82013E+01  8.64897E+02  1.89394E+02 -9.72847E+02  1.77234E+03  0.00000E+00  0.00000E+00  1.89134E+02
 OMEGA(3,1)    0.00000E+00  0.00000E+00  0.00000E+00  0.00000E+00  0.00000E+00  0.00000E+00  0.00000E+00  0.00000E+00  0.00000E+00  0.00000E+00  0.00000E+00  0.00000E+00  0.00000E+00  0.00000E+00
 OMEGA(3,2)    0.00000E+00  0.00000E+00  0.00000E+00  0.00000E+00  0.00000E+00  0.00000E+00  0.00000E+00  0.00000E+00  0.00000E+00  0.00000E+00  0.00000E+00  0.00000E+00  0.00000E+00  0.00000E+00
 OMEGA(3,3)   -3.83483E+02  3.40067E+02 -4.84725E+03  1.40988E+03  1.06921E+02  4.63916E+00 -1.39780E+02  4.39835E+03  3.75212E+02 -1.04194E+03  1.89134E+02  0.00000E+00  0.00000E+00  3.68540E+03
