TABLE NO.     1: First Order Conditional Estimation with Interaction: Problem=1 Subproblem=0 Superproblem1=0 Iteration1=0 Superproblem2=0 Iteration2=0
 NAME         THETA1       THETA2       THETA3       THETA4       THETA5       THETA6       THETA7       THETA8       SIGMA(1,1)   OMEGA(1,1)   OMEGA(2,1)   OMEGA(2,2)   OMEGA(3,1)   OMEGA(3,2)   OMEGA(3,3)
 THETA1        4.13857E-03  1.02877E-03  7.45202E-04 -2.99668E-04 -1.06556E-03 -2.11735E-04 -8.59219E-05 -7.06585E-04  8.62082E-06  9.28166E-04  1.55243E-04  1.26868E-05  5.10506E-04  3.70420E-05  6.23438E-05
 THETA2        1.02877E-03  7.58007E-04  4.62110E-04 -8.89939E-05 -4.30970E-04  7.32211E-05  1.28324E-04 -2.90020E-04  2.33380E-06  8.60415E-05 -1.40881E-05 -1.01346E-05  5.76118E-05 -8.29999E-06  3.17244E-05
 THETA3        7.45202E-04  4.62110E-04  7.84681E-04  3.56200E-05 -1.37853E-04  2.72343E-04  4.38235E-04  3.26759E-04  7.48850E-06 -4.02853E-05  1.52267E-05 -3.89346E-06 -4.39572E-06  1.03900E-05  3.37709E-05
 THETA4       -2.99668E-04 -8.89939E-05  3.56200E-05  3.62554E-04  1.30136E-04  9.38531E-05  9.98461E-05  2.37969E-04  1.84525E-06 -8.17300E-05 -2.05207E-05 -1.24575E-05 -4.57765E-05 -3.70901E-06 -1.72558E-07
 THETA5       -1.06556E-03 -4.30970E-04 -1.37853E-04  1.30136E-04  1.21423E-03 -7.57611E-05 -2.57992E-04 -1.70569E-05 -3.98462E-07 -6.17042E-05  1.34042E-04  7.81599E-05 -2.02132E-05  4.41199E-05 -4.06413E-05
 THETA6       -2.11735E-04  7.32211E-05  2.72343E-04  9.38531E-05 -7.57611E-05  1.56033E-03 -7.23417E-05  5.76266E-04  4.88730E-06 -3.01773E-04 -6.31331E-05 -4.42125E-05 -1.69312E-04 -1.48097E-05  2.44095E-05
 THETA7       -8.59219E-05  1.28324E-04  4.38235E-04  9.98461E-05 -2.57992E-04 -7.23417E-05  4.03556E-03 -4.72468E-05  7.59105E-06 -3.49375E-04 -1.17255E-04 -3.28662E-05 -1.00863E-04 -2.02271E-05  8.40211E-05
 THETA8       -7.06585E-04 -2.90020E-04  3.26759E-04  2.37969E-04 -1.70569E-05  5.76266E-04 -4.72468E-05  7.45211E-03  5.70714E-06 -5.11409E-04 -5.16863E-05 -2.38985E-05 -2.95421E-04 -1.11275E-05 -4.96836E-05
 SIGMA(1,1)    8.62082E-06  2.33380E-06  7.48850E-06  1.84525E-06 -3.98462E-07  4.88730E-06  7.59105E-06  5.70714E-06  1.52486E-06 -9.41615E-06 -1.11735E-06 -1.29774E-06  1.57382E-06  1.15446E-07  1.46573E-06
 OMEGA(1,1)    9.28166E-04  8.60415E-05 -4.02853E-05 -8.17300E-05 -6.17042E-05 -3.01773E-04 -3.49375E-04 -5.11409E-04 -9.41615E-06  2.76485E-03  6.08286E-04  1.76469E-04  8.36051E-04  1.80097E-04  1.53086E-04
 OMEGA(2,1)    1.55243E-04 -1.40881E-05  1.52267E-05 -2.05207E-05  1.34042E-04 -6.31331E-05 -1.17255E-04 -5.16863E-05 -1.11735E-06  6.08286E-04  3.77080E-04  1.40777E-04  3.01333E-04  1.30200E-04  9.71243E-05
 OMEGA(2,2)    1.26868E-05 -1.01346E-05 -3.89346E-06 -1.24575E-05  7.81599E-05 -4.42125E-05 -3.28662E-05 -2.38985E-05 -1.29774E-06  1.76469E-04  1.40777E-04  9.61819E-05  9.95824E-05  6.79306E-05  3.94087E-05
 OMEGA(3,1)    5.10506E-04  5.76118E-05 -4.39572E-06 -4.57765E-05 -2.02132E-05 -1.69312E-04 -1.00863E-04 -2.95421E-04  1.57382E-06  8.36051E-04  3.01333E-04  9.95824E-05  5.00364E-04  1.32802E-04  1.61073E-04
 OMEGA(3,2)    3.70420E-05 -8.29999E-06  1.03900E-05 -3.70901E-06  4.41199E-05 -1.48097E-05 -2.02271E-05 -1.11275E-05  1.15446E-07  1.80097E-04  1.30200E-04  6.79306E-05  1.32802E-04  8.42954E-05  8.64876E-05
 OMEGA(3,3)    6.23438E-05  3.17244E-05  3.37709E-05 -1.72558E-07 -4.06413E-05  2.44095E-05  8.40211E-05 -4.96836E-05  1.46573E-06  1.53086E-04  9.71243E-05  3.94087E-05  1.61073E-04  8.64876E-05  1.63818E-04
