TABLE NO.     1: First Order Conditional Estimation with Interaction: Problem=1 Subproblem=0 Superproblem1=0 Iteration1=0 Superproblem2=0 Iteration2=0
 NAME         THETA1       THETA2       THETA3       THETA4       THETA5       THETA6       THETA7       THETA8       SIGMA(1,1)   OMEGA(1,1)   OMEGA(2,1)   OMEGA(2,2)   OMEGA(3,1)   OMEGA(3,2)   OMEGA(3,3)
 THETA1        5.92255E+02 -2.78766E+02 -4.41739E+02  1.93088E+02  3.69966E+02  8.35681E+01  6.07106E+01  3.02042E+01 -1.24939E+03  8.07626E+00  1.37555E+02  1.30757E+02 -7.77257E+02 -3.10506E+02  7.96087E+02
 THETA2       -2.78766E+02  3.26268E+03 -1.74927E+03  2.97741E+02  6.73689E+02  6.37055E+01  1.41712E+02  1.52416E+02  3.50453E+03  5.27691E+01  1.95397E+02 -1.76370E+03 -1.55153E+02  2.78548E+03 -1.12412E+03
 THETA3       -4.41739E+02 -1.74927E+03  3.11259E+03 -4.38117E+02 -6.42274E+02 -3.59773E+02 -3.09026E+02 -1.69523E+02 -7.13789E+03 -6.32146E+01 -5.63682E+02  1.06564E+03  1.03864E+03 -1.53848E+03 -1.41674E+02
 THETA4        1.93088E+02  2.97741E+02 -4.38117E+02  3.18493E+03 -1.81666E+02 -8.28546E+01 -4.34679E+01 -4.81401E+01 -2.36267E+03 -6.91283E+01  1.75598E+02  5.87962E+02 -1.85970E+01 -3.34161E+02 -2.76943E+01
 THETA5        3.69966E+02  6.73689E+02 -6.42274E+02 -1.81666E+02  1.49596E+03  1.24762E+02  1.23223E+02  8.65650E+01 -1.28389E+03  1.13213E+02 -3.86699E+02 -4.68998E+02 -3.56104E+02 -5.30928E+02  1.05486E+03
 THETA6        8.35681E+01  6.37055E+01 -3.59773E+02 -8.28546E+01  1.24762E+02  7.88388E+02  7.94639E+01 -1.79290E+01 -1.57029E+03 -2.28999E+01 -2.60754E+02  3.71187E+02  4.37405E+02  1.91722E+01 -4.42059E+02
 THETA7        6.07106E+01  1.41712E+02 -3.09026E+02 -4.34679E+01  1.23223E+02  7.94639E+01  3.01729E+02  2.10694E+01 -6.55249E+02  1.24773E+01  4.50395E+01 -3.82087E+02  3.81539E+00  6.91691E+02 -4.26061E+02
 THETA8        3.02042E+01  1.52416E+02 -1.69523E+02 -4.81401E+01  8.65650E+01 -1.79290E+01  2.10694E+01  1.57301E+02 -2.43510E+02  6.41294E+00 -5.86882E+01  4.68181E+01  7.17806E+01 -1.73836E+02  9.57745E+01
 SIGMA(1,1)   -1.24939E+03  3.50453E+03 -7.13789E+03 -2.36267E+03 -1.28389E+03 -1.57029E+03 -6.55249E+02 -2.43510E+02  7.74901E+05  6.60583E+03  2.40288E+02  1.62113E+04 -1.74075E+04 -1.65531E+03  2.28098E+03
 OMEGA(1,1)    8.07626E+00  5.27691E+01 -6.32146E+01 -6.91283E+01  1.13213E+02 -2.28999E+01  1.24773E+01  6.41294E+00  6.60583E+03  9.29144E+02 -7.95690E+02  2.22972E+02 -1.58501E+03  8.62577E+02  6.20012E+02
 OMEGA(2,1)    1.37555E+02  1.95397E+02 -5.63682E+02  1.75598E+02 -3.86699E+02 -2.60754E+02  4.50395E+01 -5.86882E+01  2.40288E+02 -7.95690E+02  1.09470E+04 -7.34481E+03 -3.09570E+03 -6.93670E+03  2.65428E+03
 OMEGA(2,2)    1.30757E+02 -1.76370E+03  1.06564E+03  5.87962E+02 -4.68998E+02  3.71187E+02 -3.82087E+02  4.68181E+01  1.62113E+04  2.22972E+02 -7.34481E+03  4.14459E+04  2.29423E+03 -3.91911E+04  1.25780E+04
 OMEGA(3,1)   -7.77257E+02 -1.55153E+02  1.03864E+03 -1.85970E+01 -3.56104E+02  4.37405E+02  3.81539E+00  7.17806E+01 -1.74075E+04 -1.58501E+03 -3.09570E+03  2.29423E+03  9.49746E+03 -3.36679E+03 -4.66183E+03
 OMEGA(3,2)   -3.10506E+02  2.78548E+03 -1.53848E+03 -3.34161E+02 -5.30928E+02  1.91722E+01  6.91691E+02 -1.73836E+02 -1.65531E+03  8.62577E+02 -6.93670E+03 -3.91911E+04 -3.36679E+03  9.34384E+04 -3.39246E+04
 OMEGA(3,3)    7.96087E+02 -1.12412E+03 -1.41674E+02 -2.76943E+01  1.05486E+03 -4.42059E+02 -4.26061E+02  9.57745E+01  2.28098E+03  6.20012E+02  2.65428E+03  1.25780E+04 -4.66183E+03 -3.39246E+04  2.39205E+04
