TABLE NO.     1: First Order Conditional Estimation with Interaction: Problem=1 Subproblem=0 Superproblem1=0 Iteration1=0 Superproblem2=0 Iteration2=0
 NAME         THETA1       THETA2       THETA3       THETA4       THETA5       THETA6       THETA7       THETA8       SIGMA(1,1)   OMEGA(1,1)   OMEGA(2,1)   OMEGA(2,2)   OMEGA(3,1)   OMEGA(3,2)   OMEGA(3,3)
 THETA1        6.43384E-02  5.80882E-01  4.13516E-01 -2.44660E-01 -4.75457E-01 -8.33313E-02 -2.09725E-02 -1.27284E-01  1.08520E-01  2.74321E-01  1.24085E-01  1.98840E-02  3.54680E-01  6.25396E-02  7.56214E-02
 THETA2        5.80882E-01  2.75335E-02  5.99204E-01 -1.69756E-01 -4.49352E-01  6.73390E-02  7.33548E-02 -1.21936E-01  6.86734E-02  5.93445E-02 -2.65023E-02 -3.78374E-02  9.34204E-02 -3.30435E-02  8.99250E-02
 THETA3        4.13516E-01  5.99204E-01  2.80123E-02  6.67735E-02 -1.41319E-01  2.46106E-01  2.46284E-01  1.35196E-01  2.16486E-01 -2.73905E-02  2.78413E-02 -1.43421E-02 -7.13526E-03  4.01529E-02  9.40426E-02
 THETA4       -2.44660E-01 -1.69756E-01  6.67735E-02  1.90411E-02  1.96168E-01  1.24763E-01  8.25459E-02  1.44775E-01  7.84876E-02 -8.16065E-02 -5.54897E-02 -6.66774E-02 -1.07464E-01 -2.11981E-02 -6.84401E-04
 THETA5       -4.75457E-01 -4.49352E-01 -1.41319E-01  1.96168E-01  3.48487E-02 -5.50192E-02 -1.16520E-01 -5.78648E-03 -9.29415E-03 -3.36156E-02  1.98119E-01  2.28780E-01 -2.58966E-02  1.37932E-01 -9.11085E-02
 THETA6       -8.33313E-02  6.73390E-02  2.46106E-01  1.24763E-01 -5.50192E-02  3.95017E-02 -2.89243E-02  1.69131E-01  1.00190E-01 -1.45270E-01 -8.23399E-02 -1.14125E-01 -1.91664E-01 -4.08970E-02  4.81785E-02
 THETA7       -2.09725E-02  7.33548E-02  2.46284E-01  8.25459E-02 -1.16520E-01 -2.89243E-02  6.35234E-02 -8.61544E-03  9.67715E-02 -1.04553E-01 -9.50164E-02 -5.27076E-02 -7.09481E-02 -3.46394E-02  1.03305E-01
 THETA8       -1.27284E-01 -1.21936E-01  1.35196E-01  1.44775E-01 -5.78648E-03  1.69131E-01 -8.61544E-03  8.63185E-02  5.35534E-02 -1.12845E-01 -3.08932E-02 -2.82309E-02 -1.53189E-01 -1.41240E-02 -4.49044E-02
 SIGMA(1,1)    1.08520E-01  6.86734E-02  2.16486E-01  7.84876E-02 -9.29415E-03  1.00190E-01  9.67715E-02  5.35534E-02  1.23491E-03 -1.45076E-01 -4.66627E-02 -1.07174E-01  5.69635E-02  1.01515E-02  9.27034E-02
 OMEGA(1,1)    2.74321E-01  5.93445E-02 -2.73905E-02 -8.16065E-02 -3.36156E-02 -1.45270E-01 -1.04553E-01 -1.12845E-01 -1.45076E-01  5.25899E-02  5.95879E-01  3.42216E-01  7.10791E-01  3.73122E-01  2.27522E-01
 OMEGA(2,1)    1.24085E-01 -2.65023E-02  2.78413E-02 -5.54897E-02  1.98119E-01 -8.23399E-02 -9.50164E-02 -3.08932E-02 -4.66627E-02  5.95879E-01  1.94205E-02  7.39283E-01  6.93684E-01  7.30210E-01  3.90693E-01
 OMEGA(2,2)    1.98840E-02 -3.78374E-02 -1.43421E-02 -6.66774E-02  2.28780E-01 -1.14125E-01 -5.27076E-02 -2.82309E-02 -1.07174E-01  3.42216E-01  7.39283E-01  9.81027E-03  4.53884E-01  7.54426E-01  3.13929E-01
 OMEGA(3,1)    3.54680E-01  9.34204E-02 -7.13526E-03 -1.07464E-01 -2.58966E-02 -1.91664E-01 -7.09481E-02 -1.53189E-01  5.69635E-02  7.10791E-01  6.93684E-01  4.53884E-01  2.23720E-02  6.46642E-01  5.62516E-01
 OMEGA(3,2)    6.25396E-02 -3.30435E-02  4.01529E-02 -2.11981E-02  1.37932E-01 -4.08970E-02 -3.46394E-02 -1.41240E-02  1.01515E-02  3.73122E-01  7.30210E-01  7.54426E-01  6.46642E-01  9.18239E-03  7.36022E-01
 OMEGA(3,3)    7.56214E-02  8.99250E-02  9.40426E-02 -6.84401E-04 -9.11085E-02  4.81785E-02  1.03305E-01 -4.49044E-02  9.27034E-02  2.27522E-01  3.90693E-01  3.13929E-01  5.62516E-01  7.36022E-01  1.27991E-02
